<?xml version="1.0" encoding="UTF-8" standalone="no"?>
<!DOCTYPE svg PUBLIC "-//W3C//DTD SVG 20010904//EN"
              "http://www.w3.org/TR/2001/REC-SVG-20010904/DTD/svg10.dtd">

<svg xmlns="http://www.w3.org/2000/svg"
     width="6.26667in" height="4.14444in"
     viewBox="0 0 564 373">
  <path id="Selection"
        fill="none" stroke="White" stroke-width="1"
        d="M 0.00,307.00
           C 2.15,299.70 6.49,295.76 12.00,290.85
             21.71,282.20 33.00,274.56 45.00,269.43
             53.89,265.62 63.51,264.49 73.00,262.92
             73.00,262.92 108.00,256.92 108.00,256.92
             140.06,251.61 171.59,244.41 203.00,236.12
             246.30,224.68 292.57,207.66 331.00,184.60
             352.24,171.85 373.97,155.44 388.28,135.00
             398.21,120.82 403.48,104.21 409.00,88.00
             409.00,88.00 427.31,41.00 427.31,41.00
             433.03,28.52 443.20,14.35 455.00,7.12
             469.11,-1.54 489.88,-1.43 505.00,4.46
             537.84,17.26 563.94,52.27 564.00,88.00
             564.00,88.00 564.00,100.00 564.00,100.00
             563.87,111.17 558.78,126.39 551.67,135.00
             537.08,152.66 522.16,154.25 501.00,154.00
             489.03,153.86 476.87,148.93 471.00,138.00
             461.56,143.99 454.37,152.80 446.93,161.00
             423.17,187.18 399.43,228.71 399.00,265.00
             398.76,285.84 403.54,306.39 410.34,326.00
             412.59,332.48 421.77,355.05 421.86,360.00
             422.10,372.61 404.03,372.99 395.00,373.00
             395.00,373.00 368.00,373.00 368.00,373.00
             348.70,372.77 339.39,366.46 329.60,350.00
             329.60,350.00 321.09,331.01 321.09,331.01
             319.74,328.30 318.29,326.10 314.98,326.06
             314.98,326.06 294.00,330.80 294.00,330.80
             279.16,333.77 261.07,336.98 246.00,337.00
             246.00,337.00 189.00,335.83 189.00,335.83
             189.00,335.83 168.00,333.56 168.00,333.56
             164.81,333.06 158.97,331.46 156.00,332.17
             149.54,333.71 141.63,348.37 137.57,354.00
             127.82,367.56 119.72,372.80 103.00,373.00
             103.00,373.00 63.00,372.42 63.00,372.42
             54.32,371.16 48.97,367.86 51.79,358.00
             51.79,358.00 71.24,326.00 71.24,326.00
             72.79,322.86 76.18,316.49 74.80,313.04
             72.54,307.44 61.39,304.85 56.00,303.80
             33.41,299.44 21.56,302.94 0.00,307.00 Z
           M 218.00,9.42
           C 250.21,5.49 291.26,16.10 316.00,37.30
             321.59,42.09 328.12,49.08 332.52,55.00
             332.52,55.00 342.51,68.72 342.51,68.72
             347.57,73.78 354.85,71.60 362.00,76.65
             375.78,86.39 375.03,108.11 366.40,121.00
             360.41,129.96 348.96,138.36 340.00,144.33
             325.16,154.23 309.87,163.12 294.00,171.26
             257.07,190.19 222.02,203.31 182.00,214.15
             159.49,220.25 117.61,229.96 95.00,230.00
             95.00,230.00 76.00,230.00 76.00,230.00
             61.14,229.82 48.18,223.51 48.00,207.00
             47.97,203.85 47.89,201.02 48.97,198.00
             52.06,189.32 59.00,185.80 59.36,181.00
             59.51,179.07 57.03,172.54 56.38,170.00
             55.28,165.72 53.87,153.34 54.04,149.00
             54.04,149.00 55.04,141.00 55.04,141.00
             55.04,141.00 55.04,131.00 55.04,131.00
             55.98,122.60 59.85,108.68 63.31,101.00
             67.92,90.77 73.39,80.75 80.46,72.00
             104.46,42.30 141.29,24.34 178.00,15.89
             178.00,15.89 218.00,9.42 218.00,9.42 Z" />
</svg>
